-8.12157234035104
-15.2758217391025
-22.8100164824873
-31.5411276567036
-42.6867496772535
-42.4081696283467
-51.7996930567660
-55.4570273154930
-49.1304793649433
-72.5485827257887
-68.0593780777169
-71.6603347356176
-68.8817751903839
-78.3255257464148
-80.9383865322773
-84.7228947575284
-131.942147974212
-92.6582792712323
267.198313387150
-86.3065199558576
-91.0309181394602
-107.581336905715
259.787385074654
-116.784699868596
-102.402733460591
254.937475459440
-110.662568253489
-107.229627357488
-100.629152891861
250.312041039705
264.368379592051
251.350098931977
240.915675144213
-123.948449013299
238.118400651529
-131.059652682276
-184.023940309574
-120.935566921102
225.663953360104
240.372739334813
-139.393401061752
206.985575202528
-163.194284704158
225.792455297869
224.700009544640
223.009813291733
-93.5944960371661
-143.664101501724
-140.352931804367
202.322756324943
212.385375978807
-133.953481648226
-173.985094187251
-149.404020809132
-152.086148158305
-154.845104739402
-170.982542613845
191.907995875771
-218.589400679682
190.710553892834
156.360371863552
199.489657462383
184.731734391520
188.873811931963
159.693547506558
172.877223044746
-89.7863212246956
-183.234958542392
178.494033268533
172.629363045982
-188.468275609415
-182.890775315073
-205.796829335065
170.757719389136
171.484802042056
164.420555846837
162.896881151802
-201.197846198449
164.460449033956
161.758220957017
-194.491068990160
-173.273160434316
-178.263295684053
-209.150120967789
159.640764803866
138.212117954264
171.687766569468
132.594165405293
112.815486499742
149.496613250022
120.209593652356
146.063220406802
-207.155923088479
-208.317865930796
107.171262954963
-215.723146641052
-219.346082616196
124.655310172096
-210.084390874913
-234.752491961457
127.104067063266
113.522269042140
-233.609355794741
133.635757994924
115.680238217057
103.057815126916
128.993827602759
-232.905849260287
-243.945022502834
127.634605874462
117.555889534164
39.5754866052789
103.800589733424
-237.900575281059
111.450504508184
90.6485968052604
-246.438784956603
-225.149423037524
97.5723709663374
96.2830073211350
101.665576791633
76.2437058876519
75.4639300165749
87.6245389094215
118.138011975129
-247.796085480795
63.8693337619998
-224.535423844296
86.0967500299785
-245.135522630885
90.4499865381157
87.5879240727042
-257.829327807694
109.909217390717
58.4509850940674
-260.098226267582
103.921877390624
45.8147525449476
-255.437677148494
80.7046457074030
90.4714924627960
-186.381668773720
116.768141524737
-198.793205083237
-226.747468921321
-170.278069368954
59.5570991170600
50.2950040253569
88.2513416373000
86.6343365119232
57.9146130816153
-236.638121150646
39.5976311524294
-217.725284717036
64.7667269638424
100.591278327782
-256.344234776396
64.2542952084992
82.1425441776403
102.536703399894
77.7623377226115
-253.374826214956
54.3118792466910
73.7262326103715
-256.424224506352
44.6387769531464
63.6158497524261
100.470496275251
-234.456885997272
61.4389715880227
-251.519918104533
-256.587727190613
-280.370461409329
58.9735436433066
28.1486863306863
-11.7598706118862
84.1946858273534
47.5358427090265
-235.703105354406
23.7747419367572
69.9915433087000
60.8842591579898
-275.708975216602
8.43094462165978
-101.361403967092
-171.148838962229
-270.429965741249
-283.232896345949
65.8210698500750
58.5548378456069
46.0017688905219
82.0277465959610
41.6165561066981
79.4059492797177
32.5329032487410
-242.577751657850
55.0540241889191
-7.90841625003375
27.2982483522942
-282.085333654813
15.5446470859622
-274.741023359998
61.6354645612718
42.4160013163722
42.7560317974759
18.0846955001395
67.8635757402846
23.4032395141515
-192.802339245377
43.4222789955433
-265.975622757476
41.4611260272272
-61.5564254840253
-2.55720518324295
54.8349818541031
-174.063613649435
-4.76962780819202
40.4628655383668
-156.811320469424
13.4159330196059
27.6470848467797
-288.122463580930
-82.3104848170612
39.5452449342145
24.1095868167762
47.3689427253496
42.4771159643307
-145.145057139549
-90.9212281513129
2.03824134479635
-176.705067140657
18.6302019564777
53.3652354455876
49.7392294117943
-277.930773755897
-194.038153056220
15.8889182900041
-183.049185570377
-86.0867909238931
57.0641243768847
-274.808462357260
-50.4567621051909
-302.838526607495
48.7014891612370
24.9446910439856
21.8538876291172
28.8664725113779
-288.076490775560
-289.858250769345
28.3012120281523
44.3350378784010
-59.5354342473612
44.4879932663223
1.98135086138656
11.8329719806595
53.7998148610422
-8.74813270944977
-2.99838618497890
44.1865002158564
-242.645591261077
-78.4808862051245
-4.75414485854045
-18.5148710642575
-228.519942154389
27.3809784636552
-178.487406173070
63.8310558515266
-39.2828581322526
50.0867533322663
51.1234944950299
27.4242442362421
-48.2087099043264
61.1931531615366
-7.67715436568625
20.8961493329695
-30.0082020397882
-270.068284541537
47.0141600535692
-113.000440801471
28.1725899350696
12.4897577447232
43.5896098143634
-299.587694104604
-305.558986717953
-321.786976915287
9.07773400874701
-242.899331213793
-21.4863039804921
1.16892219104081
-53.5705229959113
-52.1648260800780
-44.3992938674798
-39.2959022913911
-13.3178772987252
-48.6744078711565
-52.0902297940307
-34.3570193852940
-104.950169525139
-5.48650218071998
-39.8629863353676
-29.7419606504035
-5.56694724840140
11.0946165619391
-269.217627151133
-21.9744499804095
-17.4303792981017
-287.693877838045
-25.3743914098505
11.4780793216705
-36.3971091330979
-49.3695570847137
-52.2183739688576
-36.8966279293302
-33.0566561357035
-74.2591751680862
-64.5331725730606
-70.7594739490152
-209.509406963223
101.733475815113
-75.5623278763580
-51.1913638733256
-243.889491536682
58.9950728971893
-101.852803773401
-144.992366918847
49.2803471886128
49.8204324322263
-88.0426728970613
-160.885450835267
47.2724106526642
-191.127097948757
-12.8842749553515
-222.517753460332
-38.5882343159753
-45.3251240004262
-61.3783663463498
-104.911995256100
67.9792756102431
-191.166368787556
-169.496638654995
-183.032395549932
41.9200168671253
-81.2027865528397
-162.924215773018
50.5589509932505
59.0544305804101
-143.831255177148
-75.6499579057429
-53.1614073628806
-38.3913015191698
-43.4111604986118
-87.7965122870850
43.1975975430250
82.6405731148740
4.40879407472696
-11.7437490611025
-238.670331499110
-38.3689842006765
56.6736141355335
-22.1869570861745
-11.8517512539399
91.6689891869815
-35.7134402766839
-215.587627113629
62.4783660298685
-9.63374542028165
-145.999494886707
-52.9807144294539
-67.6833617921895
-27.4345758383468
-87.9061540304583
5.05152888907587
21.1376207775886
-110.420756527869
-126.182396859685
-77.9601459647055
-103.155653637632
91.3304821644720
37.7132328212819
-53.1309088447926
-208.033183640640
79.8357900757829
-253.101817848391
-143.232219946297
-43.9329901571464
-29.1056263296470
-240.005040157694
17.5575426400733
108.967465355610
39.8889289159627
-110.440862860076
-166.872687048403
119.749283539000
-238.583672855049
-247.367500937283
106.842788339224
56.2958814011100
52.7732152252451
-94.8796530402325
-179.504368086552
-180.989525993740
-36.7207735917583
30.6524836358457
-272.898378832083
-39.9020113909174
66.5216887731041
50.8320605913983
48.1011375583767
-248.086754895858
27.6741056429258
21.7603645142377
-50.2442590667108
-304.502671874625
-81.0959796399291
-74.5672723420948
0.846410047013981
-35.2456715960170
45.0151983029035
-19.2532299934379
88.0659164069393
3.74448536450462
-38.2852911613293
-74.4881223684063
-61.3295246419866
1.53322562995958
-44.7530585044177
-47.3152515658226
-71.4571014420598
-39.4862547670559
-37.6305354820244
-192.094666893788
-248.011277690811
-80.8909632890994
110.146214641163
-56.7611497097020
22.1710503680337
-308.160891962941
-74.3261203819243
-142.234323688951
-53.5538920984709
-88.5461341376667
-78.6432228276513
35.4391584421769
-65.7835860315755
14.9301160136745
-72.5888300863569
-25.1401011108565
-11.6208967602778
-86.3829960529951
-73.5856773644011
-4.56302818423825
-95.2776266272653
-101.073425846257
-193.644456924068
-92.0628996457201
-137.397765818170
-181.744728008234
46.6235534369598
-124.563892976818
58.5388372923169
-37.6595282545777
-96.7921382852871
-21.0600865331109
-41.9746665839419
-28.2221209201026
-23.1115391589333
-157.256406689857
295.770991216806
-179.377408836755
4.45334088192197
-94.1957483955453
41.5849282860176
-133.476053013444
40.8757797272237
-19.8837624994775
46.7585622099150
-85.7551632075078
-158.711955798610
-50.8564167386363
-119.657274550188
-157.079899602226
-91.5569677037907
-92.6924197753976
-89.9262362686765
14.6154463994972
-130.453534629851
-119.806489524322
-199.715682022279
-130.667755776425
-99.5547290144075
-162.456595593269
7.99643014739898
290.845343014888
98.3308119596675
-73.4470244971407
-147.448233812250
-11.7623219112429
-209.660665508391
86.3200835329977
-100.649154641399
32.2072148786091
-36.1078349129219
-236.919703960341
-180.395589493135
84.5738511621600
-33.1092437655610
-165.732590456232
-57.1882017327035
-38.7285065146367
-12.4510806647930
15.5156544300085
7.55561840299362
-123.601354456188
-19.0398120905945
-192.985144961384
5.78788787499269
34.9840324513197
-62.7376915620051
-47.0298989202152
-32.6293727634878
-70.4344032532670
-77.9337070316564
-84.1382572303024
95.8030404243432
-65.7375502642834
-174.952607951358
-44.0874873098479
-76.7116063194539
-53.4187210169740
-29.4340417556694
-155.901307806931
-127.286939156434
-210.409785271516
-101.247874934268
-82.2003577605962
-128.742448916386
-150.164457963065
277.090945621541
80.9648866550742
18.6444524008462
-63.3666907016031
-36.5361806134358
-144.979061075569
-73.0432541774943
-94.9200140279034
-165.445230490340
-121.546545833424
-71.6653006681808
-142.163444738250
159.924624023974
-197.276569586287
-227.119397399901
10.0727484750390
-27.1434512206715
-54.8767931805529
0.791899053914490
-120.676514106749
-115.978936959360
-169.169273289968
85.4961707390498
-90.9153465809614
13.0425586893874
-134.542112304524
-192.665579381829
-49.8120455521712
-185.391133386702
95.9721228340871
-109.687978419795
-171.425479716837
-206.746504435955
-130.936539978453
-18.6516919224423
-103.256042229004
-130.248916924154
-208.763203239527
-83.3933533721195
-2.66661739598111
-98.0880152864223
-180.247053278994
-112.714745476878
-141.324171691111
-50.0890154329625
-120.644226578383
-89.0742864609042
-126.877882468015
-73.0052341717401
-86.9269055466808
-64.0156680354798
100.368737404914
-119.115047963020
-167.768912489787
-55.5100886752502
-28.7261413036294
-144.891541280735
-128.364979849857
145.901423748573
-110.325550855879
67.5627693833633
-221.829214633154
-159.203169267485
-55.3374373653142
-151.618904323330
95.9086722884118
-178.625902455253
118.399726910026
81.8262029141382
-107.771563905821
-155.438226038692
-209.264863922500
-17.0360054196615
-210.738327630459
108.707663565489
98.9174784580109
-102.831985062734
-154.866996114526
-31.7610271894597
-112.648191911097
117.675150439985
-96.6331072566364
-70.5134298622311
160.429027634101
-45.8226281541339
-161.057487142697
108.271694495976
-99.3879891281478
-102.677502911183
-196.730690333132
-41.9504613391261
-180.312300532922
-122.470145227652
-186.673313261840
-147.524035546442
-124.959188707216
-221.614646830472
52.7838768402986
29.0425473605357
137.806374915185
87.3853547180147
-156.046844244654
-61.0181261338633
-42.0761714607719
-132.760164475159
-6.47653770651201
-126.214741847356
-166.125152214641
-199.724943024448
149.955405600747
128.635299150466
-72.0925692876003
-176.589503934004
-122.752791709973
37.4612053672146
92.8146323612963
70.0626241882542
-164.520150294398
-45.9997316291852
62.4528892046427
-179.292730395830
-84.4178868624244
66.2232038897966
-5.31173542507591
-204.009678820789
5.81762565709550
-43.4604068646499
-30.1048245863262
-171.502993824472
34.2661323686164
-107.203619480219
-23.3591269204225
-166.942015526304
134.080996332785
-89.1999620352229
22.6954489434324
-155.571404749633
60.2956122221580
-112.993558030534
123.677927084240
-209.275611081803
-153.530868308669
-191.077433173051
-141.657340823878
-162.301211703447
-38.4718508521660
-103.908847663144
116.566311974977
-96.1898044547751
-211.213631885763
-183.093381384598
67.2780902054768
8.86104289286070
72.9791863360268
31.8838887539859
-233.669942565720
-60.1751577433881
-131.607583215847
-29.2142599880965
-205.638847019715
-92.8537197682330
20.6661125646093
-51.0353358714926
57.1268597945862
-61.8885232226957
-153.932573763195
-191.638017645223
-79.0553267766029
64.8895412861410
57.4305883195438
137.638371114706
7.91040297760632
-28.0368231872183
13.1198758213190
77.3006056619149
97.4541744600522
131.332687652064
-169.995753719173
78.0359637436548
-145.694924095112
-102.532288029650
-192.962938713434
-58.2911163043480
-230.830987415140
-113.801615361473
-201.521726974981
-39.5028927529038
-223.470833258265
-52.7169722398371
-144.003809692680
-220.633344754435
-128.263874848908
123.952042021710
134.812287189512
-49.9194723688595
-182.448598372432
-134.072730015700
-64.4812975806705
-148.068068975652
-144.491216593626
-24.8853002262869
46.1314935615191
-111.484056751023
-184.166779032277
-135.055859464711
-164.686756554083
-167.783457107956
-195.129400820739
69.0281536609102
-224.192567894193
107.716485865128
121.188226476913
-189.873736122173
-79.2610503534694
-177.289627023764
104.472955125625
-203.325680436007
-41.7981417265047
125.016193588704
75.5385999301265
143.417103136906
70.5502204150110
-139.085446861646
75.7393350589733
-182.283428808601
-156.237301746295
118.116361003615
-3.65471876049917
-152.619234930627
-183.205873463010
-171.716490126219
104.076138566967
-205.140025285747
121.221289062191
112.264439550008
-105.272933932783
-191.348785985527
135.592858056864
-210.727468938953
25.5295221732910
-112.819291995756
100.433136140143
84.0355437068611
-213.584323979732
-242.482815037342
107.308093830512
-191.443114493799
-235.808103998653
-147.208802693095
70.2396461035035
122.536931786845
29.8659049363439
54.0591242463485
68.3300812952423
90.6432850805403
-135.346463786730
-23.7230472793361
-200.691799023534
103.799540025324
-216.916610519241
-42.2846020027660
38.3471716626156
95.5715772327686
-31.0742878987270
36.2297588514090
-101.549601993464
-97.5689649586846
-8.21965738705395
-107.123153640338
-31.6110243170734
-213.666069677723
-165.727793795092
150.835899824684
-216.613509973746
104.008943301130
116.964149916099
-219.908614481871
31.7059712412601
95.1509286243967
-176.596514578288
122.013368238874
-178.970401099586
-9.54639762621506
-154.651879097095
84.7368037990297
10.3134733550338
-142.815164478386
77.1988210630327
-191.119590043886
-61.3733141280394
-196.402132326372
-173.193300221551
-176.298224740256
-159.096485302701
-141.216049752988
124.799371030842
-113.877141826717
-244.967390119674
-209.650166855537
-223.911172082469
26.5162249585282
55.1477534013255
87.5395696174938
78.3706375107037
82.9617755473103
-219.484255191882
-151.683102283655
98.2967671038332
-202.211044782348
-27.2536941604460
-135.221719689097
62.0803741720876
78.1619727182262
109.147644681272
13.6628807931294
111.186386652105
-161.161315427208
118.768476443676
-103.388800430000
-68.2006103459640
25.8824215118957
4.48917702973026
-226.879861477489
39.9091683402501
-218.455194191152
33.4666819545934
-112.895896402021
-22.0473668084288
46.4971013237911
-131.318150276345
-221.229405293273
-230.963106808206
-194.350070321025
-9.55178517384364
94.9421030249133
68.0962162293888
43.8894510012667
-227.985102913059
-147.401372990656
43.9811710367287
-210.863648756255
-253.765687816530
-5.16390294121279
108.460170193032
77.5078511817923
54.3067740962155
100.005905170974
-28.0588727433272
50.3730440185765
-9.48676986501577
92.2725678341614
-203.510094445182
79.0217761924787
83.0372463134022
15.5828059520092
-197.249356103152
39.7211231667980
31.3061406609587
39.6485532620694
90.2999282705324
-3.67873501282069
-47.5590499928609
-89.5360686761605
40.4323132310206
2.84684649370998
-210.184170619415
84.8958305167865
38.7625064240309
-201.194664546879
34.5816538208825
105.807494727124
1.24067509760769
-89.2646899906316
7.36252409398689
64.0464679766376
-22.8433295086822
-251.348840396870
-5.73221182563757
68.3133325199555
60.9930142216243
-220.372535286384
4.72697972975735
-47.9770799841755
-65.6304270335470
-6.21989012043345
3.27756884687293
-184.597893638666
-113.993992216491
-133.591366151138
-125.726421142434
-158.713605835191
6.67404910944304
-61.8620354484686
-40.4384491505610
-36.1107826601085
86.6352420284661
82.7824676006002
-5.13723086009181
58.3190153510448
-130.358937589425
40.2039866738299
-42.9677476989517
-55.6755798353561
-198.431197439048
-194.438395929959
37.7142593504668
3.71202685986353
83.1794732354410
88.1270592427549
-56.2944151248734
-221.489695794067
-169.921035421018
31.8183192222650
-82.2890447541727
-163.530504037430
50.4245175349489
-53.1664495885106
-98.9429856637493
-224.022622607847
-40.6188992809750
-73.8138915846928
41.3231647374013
84.4066794858368
-250.391388670958
68.0450235560923
103.431814119711
-98.6747118426378
53.1924225922830
-214.202426773396
-75.5709683194362
-63.0084750325322
13.4905965676219
62.8238284232026
59.2576236684231
-182.784359156239
-66.3974333510072
-125.224690446116
-13.9140304112471
64.3863881775645
-36.9415515623109
71.7786148712647
-226.275534469229
-138.533241481017
39.4829372215510
-183.041806385111
-88.2929943236534
64.4783803978457
-36.1393396663505
49.4408210707625
-246.852263416103
-58.3639199739557
-249.108233727803
39.7494876744121
-21.4472867557496
-89.3249085790172
-44.0676280472260
-235.413926908837
-171.222563316045
-274.561614045061
-275.026233175760
61.3592641287693
46.0666269908825
-31.2164083910890
-19.5197687003552
-2.39912999307362
-110.528987033513
6.12851323263770
17.8065454061412
-156.324670125060
-178.031552083372
59.9457781589130
-160.667145848584
4.18348376984017
-73.0513372085377
14.3456053902302
133.166196800316
-200.777049829043
-262.170720252107
-6.62321215831061
45.9839525599043
-300.578215337564
-44.9513685120096
3.91905043662054
-160.999821980263
77.4776672327373
56.8282701992169
-36.5455617464219
78.9468995289526
-183.766502108660
-221.046950455657
43.7207598070870
12.6608052740231
117.759422110198
80.3142521984479
-84.5117308939460
19.6912525477216
12.3269830678649
-220.861206798608
-53.5906262130992
-170.489568497542
19.7302969955420
60.7198561672271
32.4865165521416
70.3149509742995
-23.6256775608895
-225.393466367053
-22.7220811411189
-28.8459317884202
-138.736519929578
-163.450867799767
36.8323151379735
-162.002724283261
-87.0608278895055
20.3661342139222
-82.3311310119681
-187.878061869425
-10.0964748554790
1.27215532715938
-82.2610445821140
-43.0088154602808
-38.7060879731289
105.999413372860
37.6617392370638
-15.2786965975273
39.1925093931488
-158.570926510426
-95.2356013412308
-189.863930182798
22.1918605409709
-125.737764137524
-53.1813567252092
14.1158006068430
-10.4591759367058
16.6739247489616
-185.510126269933
-131.220857422202
84.0500663025378
-53.7169647332109
-0.394959304046948
-102.758780424540
-41.0233623302351
-63.0871053581890
0.366140965907575
-62.2435424693021
-104.252812275272
133.038263192434
-80.8233740834584
-104.063532279205
-201.482915206312
-126.466151334548
-126.832460878155
-1.87185109874058
-95.0385475371925
-44.1239792288698
-93.3215680939565
-43.1255520209365
-96.3730758458259
221.449202872256
-54.5897284911559
1.23931570328328
-76.9198245099639
-37.1283853199326
63.2031007124818
-115.260212626444
22.9009204547282
48.3282303095793
28.6107395260406
-156.140494337723
-53.6656868341041
-122.032504931761
-42.5302847313258
-155.742286057854
-2.72071297390312
-132.781648576167
214.675595337086
275.740789356852
-64.1097021674610
64.1113361795922
-70.8451561736134
-105.407627013380
33.7122424315233
82.3740342620499
64.8278880051930
-63.8053553306117
27.9371720642010
-71.7248153580976
-66.9203901317341
-70.2198881958485
-137.084948205526
-78.7887750074257
-120.552049166122
-129.945940235096
-62.7029829600870
-19.3083420852990
-133.278702378384
-124.309984660127
-39.6344782237824
-162.519770583114
-97.7522324696360
-23.4224813401969
-126.532627623149
-45.9651613894654
-160.105189068466
-130.973036625806
-85.9104161611345
-93.5380584640036
-78.6452384126750
-115.004917943118
60.8482659264177
-88.8537401703890
-69.8838493777202
-66.2391457827464
-180.813538019555
227.980478738031
-82.2994486103164
23.8148724020537
-8.97113898777497
172.095464099549
-10.8424271321515
-16.2520574395803
207.220329576207
-130.923656798128
-133.861175878518
-90.0299946712096
-147.776053692961
-105.825850393218
-104.204064517031
-129.093474481919
-153.508141771810
3.24941846680664
-100.331736670797
157.106914173304
-133.124987037882
-111.891610163988
212.480220644636
-82.1075798235146
176.197186898618
-101.301534039960
-120.005030254951
178.567171955072
200.155708701915
192.575707077812
183.188111849434
-120.942540846995
-156.630341884909
-153.976952363171
-182.029489273724
217.967162609290
173.348057131298
191.370227361306
-136.231205438180
-185.232891473381
-177.217342770276
194.478104605540
-154.542685603910
-178.179900944828
-192.115872741958
163.945020953516
117.957665588860
-203.171548516913
94.6304870995328
128.591620702892
136.780456294225
136.341372446330
-52.4648667097910
117.467578252035
-228.016977119355
-171.759473561040
106.795259347965
-160.362682186326
91.3069302808216
-212.495810092007
45.4967026250150
137.374847362562
107.948036394086
-223.681865983501
-62.1175383693964
18.6868147549622
-191.136081353072
-99.0871014435633
98.4450261202869
-29.0132433540874
89.3513813123440
-93.5282946991183
102.389833070315
9.97918600287026
104.045019202207
47.7701608216251
-195.937455964740
-87.2501418385386
93.3600115757654
63.1795558806990
-26.1311791597310
74.7500176947984
66.6475806536995
68.3722677825608
-114.547541598112
-3.40906113317103
0.238536972224711
-207.285044906485
-180.100043744157
-193.950255171468
-16.8149973567026
6.65196414179338
-177.164486789878
-209.247277721832
-104.682645368341
-201.119528458920
-211.662956353375
-143.915760997078
23.7614339624860
96.5548822224160
-207.825979825187
73.9917553920420
-152.109060981870
44.4175206149261
42.6936400186637
-202.564650791986
-37.2685576018244
16.6829155571935
14.0589214909569
-223.549696862956
-83.4447744864985
-16.7449573584891
146.707577909742
-226.146527132209
82.2444812646067
-67.6782890604618
-162.265863558001
-128.128304441046
102.792531546272
-218.072695958957
33.9471710264896
-178.859817262089
89.9048936715667
5.43137162044590
132.579499404274
-156.797897144214
82.7438811166519
42.0423100232979
-172.710170724659
-62.1649437224239
-10.2701013916694
-68.2289086835542
-128.666188244353
-202.241516140103
-155.624910648548
-70.2572361044708
-38.6990781354860
54.1729656728088
-213.285757360742
16.3963082014037
-192.625259825377
60.8836831211944
63.9431600103820
26.6466657171992
38.5482477289575
-182.265325624833
127.939182929962
-183.687119860125
52.6437792998069
118.395500982254
0.418518342206480
117.894186640936
-90.3562187441069
-132.839831798865
35.6839166552135
-132.662849201400
85.0760354272889
9.96287616315257
70.7031718577257
56.9782857710213
-121.119844989999
68.3079558589839
2.67069982861824
-128.822966982228
-81.1859503337773
-171.227010697865
105.136617778742
-220.804836454605
-29.1773592663161
-53.6837443022978
-122.561765044478
-122.950933573954
56.5632797389028
-23.7671123154390
112.972175227194
103.405373245753
-229.414881307640
120.279187823933
39.1620246976943
107.517544225525
-40.2634797869917
75.1558680876097
-30.4965982042319
-124.014457659759
-120.999462669536
109.385657026974
-15.8979353716910
-45.0284953263220
30.7836086852170
53.1187386348395
-189.015426534399
136.015633298442
20.8668905101163
-96.8003714080413
-52.1238004081932
-179.871593678837
-5.46042430028409
115.404059655318
-164.852065559485
-72.5278846123858
38.2654887667720
-13.5469542987328
-73.1292000928565
-6.19196577057354
89.8699684356425
76.4874132877014
-37.1623578828876
97.5099341363049
-205.264991509292
116.478529776577
-179.907947028931
-149.944727934158
123.920956080695
-159.196958898119
126.348981450882
-197.431862299540
-48.1949149115568
-87.7122673702442
28.2557594754218
-38.0421704225963
111.122858415014
76.4747163774396
-74.7571288717658
21.7536031910028
-115.136862047039
-139.691340779937
95.3950961743861
-187.411260077647
-34.0247146648785
-211.625359226293
96.4580878760401
-42.5305590040255
12.6723033493022
-88.9405523205590
-70.5901026836760
84.9795493514082
29.1601569079413
-118.805640496500
0.342854607940892
-21.8547254578944
-166.266643202934
-117.522237751031
125.466274224348
129.522332922306
-188.931214608747
-154.095806417013
82.8469662450390
-62.6633789493728
-38.1965593833186
-46.5193696324105
-163.190016964862
73.3504885264415
-26.1447037893953
-82.7177096025876
-140.269168487756
112.821116449290
17.7172414758328
-56.8776837211103
-144.270038156677
-127.254666102603
-95.6825036470886
-19.2019339791387
7.95173722929603
-3.77465906220492
49.2030048576223
143.695475490318
56.2999048289931
59.2123690804614
17.5981776445832
-216.984424165012
-76.8986765195412
-34.3172359627868
67.1673827331137
-51.0335337291925
-159.438558222765
-17.6654717020283
57.8232403807907
60.6130271566651
26.7468004920757
91.4661767867885
-165.602917672994
-156.659708202412
-189.490749606156
94.4745049457185
119.366409075931
57.8389401661855
79.3541731537625
1.37926719400683
117.282132701051
-43.3935885054692
-109.315874464155
148.773610091422
-190.935941991777
163.491271417360
-86.7505534774081
-55.5623376866851
15.2699578547142
-95.1152382749557
-55.7007787530272
51.2190216038073
-95.2911915451687
-161.727409335457
69.3097171876986
2.35782193477723
-147.680144758859
-75.1741938733737
82.9958146266900
68.4951689777685
-144.404546993911
-49.2609067678870
76.6706754049273
165.773499907814
-117.523996766302
-142.401198744916
-43.6333374721842
58.6311183589789
123.589941633454
23.6013283685438
-138.197967479282
-20.2912824416409
-75.9946693288312
110.119589370326
-146.813413905351
146.245872781571
-169.252553071805
-78.1681019654911
33.1336011505250
-33.4090460551775
160.067827480368
54.7101537773650
-167.949723495026
4.40587197134731
-82.2702453968053
-20.1248113192746
-151.349030515928
-38.9137873569292
-157.816624019952
130.154748356430
160.724251295378
-30.2635225477829
38.5421861737007
-102.867680057100
54.2089222667789
101.128828925079
31.3501580158782
-156.032358387949
16.2201410373399
-92.3980746983604
59.9175042414742
-46.6903977173133
-166.889385548377
-70.4976230364254
-94.0860275855562
-117.914325582566
150.975475216037
-49.7726879938040
-176.332839004482
128.162702304357
-109.402859053492
-111.407686124131
-173.785748045880
38.1564391071063
-4.42153354362117
-80.3589459373453
-100.124154075734
111.352499769035
97.6906624669416
-117.985432602375
117.302603765239
120.264143152408
-35.5097355878020
-92.2664722189730
-91.9379827819285
-43.4631803030073
-166.747256231854
-105.646958337883
-135.533750149901
-26.3453935289102
88.1942299411781
82.3900988397661
13.9122720912509
82.9899183272403
-128.065629467733
-43.6631853139313
-32.4983096402104
-108.794660512400
-184.532614146650
-138.722236693614
28.8947547664281
-3.88369339426486
-110.724277682600
-128.160435706892
24.7078674035863
-127.863191614002
74.9683932773486
-18.4551102402375
-108.298308583861
-168.096486652296
118.291800148088
-42.1040234409720
157.970443517872
-205.998653644790
43.7211640178029
-166.256816778717
113.052667448321
101.415192957308
-33.1726930746387
38.2910425972300
57.8708313587716
-5.71036353980889
88.7209338670675
-47.7570736350963
101.812708137044
-84.1728919064074
-44.5885461662941
-15.2722402105278
1.06434285464565
-2.52904625527009
-139.759089028375
-89.1687366264736
-191.367494007495
-179.006822549370
-236.163711899437
-101.414535121345
-150.840949131482
-67.0530213915448
95.4046957300185
-130.899191855726
161.264344502466
87.0219324209216
-19.7019129464156
-132.994020536255
126.609363912317
20.0279148833079
93.4700312027773
101.878336726969
-109.046380425845
-157.348977475448
80.8542910797499
13.8518758560553
-207.759382630212
-75.1999773429486
-156.310981531107
60.1991216313162
88.9409575948197
67.1560854315234
-10.1964821064628
-142.552782895363
89.6112007639625
71.2433898978294
23.0880757521715
132.773999251743
3.87914116175773
68.9842830282385
-66.3111955977100
89.9101993844429
-84.5778873150037
165.142351263332
-27.6884329093180
-79.5347512182935
36.4273034620494
125.159702847712
-84.4977769597326
68.8922517783474
-110.953053941850
45.5654370413453
161.995859950568
82.8203695930276
45.6303898557953
-121.445228025166
171.371130888721
-82.3100813911262
-210.383711628968
-51.9401801958527
-186.692993753499
-20.6008414302014
57.1094492078065
-184.472679789295
-136.060879323561
-161.402906442388
119.193041792707
106.331652848220
-47.1539243310047
131.296434521767
118.787368901160
-117.304552116542
-132.079191478449
-93.5287442382907
153.035271231224
-150.046019823516
-6.54608089054270
-182.731908274951
0.729820238784503
-50.9832569967067
-12.6025628309067
-3.52597613225383
-75.0240491201669
38.3832547472776
-141.002884103204
-55.0788984968009
-57.0540721173955
157.385453798629
73.5645811657186
140.673276445311
-7.78064127193978
167.083228187401
141.749424624134
29.8227586000256
126.461200103315
137.428571186641
108.043083627861
-33.7257002729309
-56.7211554932504
24.9699176622553
103.849730438153
-37.0329575224706
-21.6180443335172
-178.400504757411
-157.019596784773
1.06490883477146
-182.383127836381
-102.865617814844
97.3694130626168
59.5562433069572
106.918803147552
-45.8782550522726
-64.5051669518904
-113.349504663727
-51.1539072713601
-168.444310842634
159.039008707710
-40.1930903367157
127.167679802291
13.8736037525395
-80.1359311863040
54.0961955904992
87.0825457860913
21.5705233759210
-34.2721125843902
-102.938843144559
11.5806191782318
-169.427566573398
20.7590964677906
-193.344610753481
-35.4495779348332
81.6453963709036
157.297604946029
-92.7864308821558
-91.0440888695708
-31.3816248738938
-128.131955750906
74.2053097535924
38.8333264643115
-111.192448770409
117.470342699514
-39.9547442471927
50.3917247628300
152.912264232986
-198.674768003175
78.4838833733380
172.504798305668
8.70921852142324
38.4071806389324
98.1526131506144
90.1272918463439
-125.104400276732
149.219811965845
15.0111521885142
-106.878875348410
-4.47457077930141
-76.7849783495325
188.968500287729
-38.6648383770230
113.807121247460
-174.972709656544
-81.3593824812454
23.4836983441857
57.6292817317678
154.791848667827
-85.3289277603310
-139.177151983970
7.73568340147932
-86.4114721224224
155.213287381538
-143.659701177465
30.9621963308486
84.2832573624529
-46.6334720397629
-102.144084989561
124.098093549192
-16.4303738749923
-151.086476039696
-85.8940486640677
13.5259845239723
-86.5104660605793
-4.53821441645336
-136.020373513661
-189.165460657597
-68.8006165679105
151.850965488735
163.836220960062
-160.809063722826
112.301919054217
-106.727691803472
85.5934701396342
127.047847853915
-24.5612248364455
-139.812674158834
122.418925301710
185.437982468142
-70.4146672267059
-27.3505831449135
11.3798585555706
-150.866389145209
52.3514205170542
83.4863670714000
-32.6311550769453
19.5664095794845
55.3720302212022
-165.858813450564
-68.9497604586342
66.3409672131407
70.5868721776518
-103.230768444594
-70.4470128583715
34.5639906049409
-12.1127238686895
-127.220709321922
120.674317137533
-77.8057831082925
10.9142787659036
129.317350886128
5.62209529337428
-132.266462291487
6.14164599044602
51.2489039885119
-166.391822452896
-97.8756183261460
145.033333182411
-175.372992656675
-40.8953470882913
-157.221321125054
-48.4540233823070
52.8331390061208
17.7262692281811
-181.362075612601
-89.7379449425398
-10.3347603490112
-121.974922040849
-159.276588808553
-172.440638904770
-49.4882226953492
66.8892260026283
146.751890137800
-127.720190616206
-47.5427364749501
125.010157484832
-34.1243775489014
-176.863889526045
-185.303791282343
-103.563938342570
47.0213586785256
-203.809665578892
-114.820056099574
46.6644941848129
-8.42310327973504
-135.390979580665
-110.343982827532
-66.8977867045235
-146.448093979412
-147.954913927824
-234.630096520425
14.8288458478954
-39.6028091588793
134.002410068707
114.987090905499
-81.2476184640530
-199.066021158713
196.184951008554
82.6928791958678
-112.376148896524
7.70482147032969
116.355877069839
143.166560320067
100.658684907155
89.8235454973571
-110.234696561940
83.0547173850563
-88.1907076197921
-121.762206850974
109.064850160048
69.8048215765519
165.367258235319
37.4934919270598
-30.5227316734233
-129.518791628525
157.399003457172
26.0892552641374
-29.5581061329980
98.6972764150082
-1.84919258967337
-175.736232753150
-189.195343704770
57.8267437512687
-168.524042936069
-103.808441705886
164.824310114401
-19.2225726069768
-16.3964140091087
48.6866313140979
-165.667212283385
-41.5573935304677
-129.559509804711
18.1521991828146
-129.258153526621
-12.0903440972584
-174.462920579078
-28.4127046933084
-142.712836794535
146.949039812943
-140.935340709477
70.5071020054640
-58.8279087527964
-86.1845106715048
157.066904345428
-138.465845426646
60.0966248810011
30.8400506693230
-59.0904062946643
9.83157905938938
18.5239618520678
-66.9149972170785
-177.689109716246
-1.27940878714812
119.993016839807
-105.537058339978
113.921852424738
54.0286497598834
-52.0381874797562
-53.7549789644638
143.334209541678
40.9253702450792
83.1369314515935
139.177531213697
-131.212351018808
11.4204086686801
128.947067809137
-132.758031915360
-0.0760083273888875
4.53546690414466
-64.6814905526776
-114.738857461189
-189.041687107411
6.96608744767334
-153.310655969968
-179.264313646172
6.41453879104103
119.187278527938
-118.380801413501
29.4869496619576
43.1545887716015
-9.48861702391894
123.795151166506
-152.872715437837
-205.466017532289
46.4311480242411
123.460887462711
-202.223469434585
-12.0909006636528
-63.1916506090549
-99.6874884089394
109.179168303711
135.710418860433
-98.4384132570978
-51.3942419301453
133.869996750480
-82.9548222475107
152.122806721263
130.605892536568
-77.2637703865708
68.8345446165805
57.0504607743323
4.44789939211299
-158.811832085688
68.8518218345925
-17.9912864243797
-76.4229189942152
-134.625127180432
-60.8628141005744
-67.4947089313812
-73.1627840763103
-59.7552455589497
36.0388806328418
-116.116682430342
-186.294085734093
154.546506928047
174.784036184675
-64.7371733604033
-152.038012942896
18.9424223950814
-95.4965723102883
53.2145292830247
32.8086820435778
171.499871341183
-95.5635862133460
114.749398001892
37.4961759375256
18.8341117337410
-137.210077406155
129.633620032207
95.2714099929750
-66.0511096523809
98.9056015195558
166.669385164496
-198.864991803784
-18.2925162725203
69.0513269486394
-33.4307103737351
-82.8155043353791
112.389746964943
-104.580816375337
35.3416241495493
-43.8443487109619
-31.7596873955320
-118.635332742401
-29.3117817792260
-169.040737022400
128.883223435311
125.418288460449
-106.184452004593
-44.0556808747770
159.251438441435
-147.503790316321
108.382861202754
-32.5447320889489
56.1009566576497
-56.2282092117107
15.9505264747047
-119.939932713112
-150.969829279209
92.0211400879532
4.37375929840400
80.8701180847819
140.023527025651
139.321159009759
-39.1592215125273
61.4232536150101
-126.572160767649
96.3288611045119
125.178638318234
-180